1 0.567969 0.384375 0.129688 0.168750
1 0.703125 0.733333 0.106250 0.133333
1 0.755469 0.448958 0.114062 0.147917
1 0.689844 0.308333 0.107813 0.137500
1 0.879687 0.110417 0.103125 0.133333
1 0.433594 0.703125 0.107813 0.135417
1 0.400000 0.445833 0.112500 0.141667
1 0.725781 0.170833 0.110937 0.137500
1 0.553125 0.611458 0.115625 0.147917
1 0.658594 0.561458 0.104688 0.135417
1 0.855469 0.738542 0.104688 0.131250
1 0.581250 0.141667 0.118750 0.150000
1 0.295312 0.651042 0.118750 0.156250
1 0.567969 0.384375 0.129688 0.168750
1 0.703125 0.733333 0.106250 0.133333
1 0.755469 0.448958 0.114062 0.147917
1 0.689844 0.308333 0.107813 0.137500
1 0.879687 0.110417 0.103125 0.133333
1 0.433594 0.703125 0.107813 0.135417
1 0.400000 0.445833 0.112500 0.141667
1 0.725781 0.170833 0.110937 0.137500
1 0.553125 0.611458 0.115625 0.147917
1 0.658594 0.561458 0.104688 0.135417
1 0.855469 0.738542 0.104688 0.131250
1 0.581250 0.141667 0.118750 0.150000
1 0.295312 0.651042 0.118750 0.156250
