1 0.614844 0.472917 0.126562 0.170833
1 0.945312 0.381250 0.106250 0.145833
1 0.487500 0.164583 0.125000 0.158333
1 0.778125 0.334375 0.106250 0.135417
1 0.426563 0.520833 0.109375 0.137500
1 0.843750 0.773958 0.106250 0.131250
1 0.650781 0.072917 0.110937 0.137500
1 0.760156 0.490625 0.110937 0.139583
1 0.275781 0.206250 0.107813 0.137500
1 0.883594 0.631250 0.110937 0.145833
1 0.691406 0.744792 0.107813 0.135417
1 0.693750 0.216667 0.115625 0.150000
1 0.092969 0.480208 0.104688 0.135417
1 0.614844 0.472917 0.126562 0.170833
1 0.945312 0.381250 0.106250 0.145833
1 0.487500 0.164583 0.125000 0.158333
1 0.778125 0.334375 0.106250 0.135417
1 0.426563 0.520833 0.109375 0.137500
1 0.843750 0.773958 0.106250 0.131250
1 0.650781 0.072917 0.110937 0.137500
1 0.760156 0.490625 0.110937 0.139583
1 0.275781 0.206250 0.107813 0.137500
1 0.883594 0.631250 0.110937 0.145833
1 0.691406 0.744792 0.107813 0.135417
1 0.693750 0.216667 0.115625 0.150000
1 0.092969 0.480208 0.104688 0.135417
