1 0.400391 0.270833 0.132812 0.187500
1 0.392578 0.651042 0.128906 0.253472
1 0.375000 0.128472 0.144531 0.187500
1 0.555664 0.310764 0.146484 0.232639
1 0.682617 0.472222 0.154297 0.250000
1 0.461914 0.607639 0.134766 0.236111
1 0.708984 0.913194 0.164062 0.166667
1 0.764648 0.314236 0.138672 0.211806
1 0.287109 0.442708 0.136719 0.232639
1 0.558594 0.579861 0.132812 0.263889
1 0.383789 0.454861 0.115234 0.222222
1 0.715820 0.605903 0.189453 0.281250
1 0.400391 0.270833 0.132812 0.187500
1 0.392578 0.651042 0.128906 0.253472
1 0.375000 0.128472 0.144531 0.187500
1 0.555664 0.310764 0.146484 0.232639
1 0.682617 0.472222 0.154297 0.250000
1 0.461914 0.607639 0.134766 0.236111
1 0.708984 0.913194 0.164062 0.166667
1 0.764648 0.314236 0.138672 0.211806
1 0.287109 0.442708 0.136719 0.232639
1 0.558594 0.579861 0.132812 0.263889
1 0.383789 0.454861 0.115234 0.222222
1 0.715820 0.605903 0.189453 0.281250
