1 0.333984 0.250000 0.125000 0.164706
1 0.325195 0.563235 0.130859 0.185294
1 0.365234 0.757353 0.132812 0.197059
1 0.268555 0.691176 0.115234 0.176471
1 0.449219 0.557353 0.105469 0.167647
1 0.501953 0.558824 0.117188 0.164706
1 0.714844 0.572059 0.117188 0.167647
1 0.532227 0.402941 0.111328 0.158824
1 0.380859 0.210294 0.109375 0.150000
1 0.744141 0.311765 0.117188 0.170588
1 0.333984 0.250000 0.125000 0.164706
1 0.325195 0.563235 0.130859 0.185294
1 0.365234 0.757353 0.132812 0.197059
1 0.268555 0.691176 0.115234 0.176471
1 0.449219 0.557353 0.105469 0.167647
1 0.501953 0.558824 0.117188 0.164706
1 0.714844 0.572059 0.117188 0.167647
1 0.532227 0.402941 0.111328 0.158824
1 0.380859 0.210294 0.109375 0.150000
1 0.744141 0.311765 0.117188 0.170588
